what

MATLAB Code files in the current folder /Users/francescodirenzo/Work/didattica/ModSimMag2526/19nov

CercaCluster         GraficoPercolazione


GraficoPercolazione
grid
whos
  Name      Size             Bytes  Class      Attributes

  L         1x1                  8  double
  N         1x1                  8  double
  ii        1x1                  8  double
  j         1x1                  8  double
  p         1x101              808  double
  pp        1x1                  8  double
  prob      1x101              808  double
  res       1x1              15121  struct
  s         1x1                  8  double
  tmp       1x1                  1  logical

res

res =

  <a href="matlab:helpPopup('struct')" style="font-weight:bold">struct</a> with fields:

           matrice: [30×30 double]
    percolazioneTB: 1
    percolazioneLR: 1
                 p: 1
             label: [30×30 double]

res.matrice

ans =

  Columns 1 through 20

     1     1     1     1     1     1     1     1     1     1     1     1     1     1     1     1     1     1     1     1
     1     1     1     1     1     1     1     1     1     1     1     1     1     1     1     1     1     1     1     1
     1     1     1     1     1     1     1     1     1     1     1     1     1     1     1     1     1     1     1     1
     1     1     1     1     1     1     1     1     1     1     1     1     1     1     1     1     1     1     1     1
     1     1     1     1     1     1     1     1     1     1     1     1     1     1     1     1     1     1     1     1
     1     1     1     1     1     1     1     1     1     1     1     1     1     1     1     1     1     1     1     1
     1     1     1     1     1     1     1     1     1     1     1     1     1     1     1     1     1     1     1     1
     1     1     1     1     1     1     1     1     1     1     1     1     1     1     1     1     1     1     1     1
     1     1     1     1     1     1     1     1     1     1     1     1     1     1     1     1     1     1     1     1
     1     1     1     1     1     1     1     1     1     1     1     1     1     1     1     1     1     1     1     1
     1     1     1     1     1     1     1     1     1     1     1     1     1     1     1     1     1     1     1     1
     1     1     1     1     1     1     1     1     1     1     1     1     1     1     1     1     1     1     1     1
     1     1     1     1     1     1     1     1     1     1     1     1     1     1     1     1     1     1     1     1
     1     1     1     1     1     1     1     1     1     1     1     1     1     1     1     1     1     1     1     1
     1     1     1     1     1     1     1     1     1     1     1     1     1     1     1     1     1     1     1     1
     1     1     1     1     1     1     1     1     1     1     1     1     1     1     1     1     1     1     1     1
     1     1     1     1     1     1     1     1     1     1     1     1     1     1     1     1     1     1     1     1
     1     1     1     1     1     1     1     1     1     1     1     1     1     1     1     1     1     1     1     1
     1     1     1     1     1     1     1     1     1     1     1     1     1     1     1     1     1     1     1     1
     1     1     1     1     1     1     1     1     1     1     1     1     1     1     1     1     1     1     1     1
     1     1     1     1     1     1     1     1     1     1     1     1     1     1     1     1     1     1     1     1
     1     1     1     1     1     1     1     1     1     1     1     1     1     1     1     1     1     1     1     1
     1     1     1     1     1     1     1     1     1     1     1     1     1     1     1     1     1     1     1     1
     1     1     1     1     1     1     1     1     1     1     1     1     1     1     1     1     1     1     1     1
     1     1     1     1     1     1     1     1     1     1     1     1     1     1     1     1     1     1     1     1
     1     1     1     1     1     1     1     1     1     1     1     1     1     1     1     1     1     1     1     1
     1     1     1     1     1     1     1     1     1     1     1     1     1     1     1     1     1     1     1     1
     1     1     1     1     1     1     1     1     1     1     1     1     1     1     1     1     1     1     1     1
     1     1     1     1     1     1     1     1     1     1     1     1     1     1     1     1     1     1     1     1
     1     1     1     1     1     1     1     1     1     1     1     1     1     1     1     1     1     1     1     1

  Columns 21 through 30

     1     1     1     1     1     1     1     1     1     1
     1     1     1     1     1     1     1     1     1     1
     1     1     1     1     1     1     1     1     1     1
     1     1     1     1     1     1     1     1     1     1
     1     1     1     1     1     1     1     1     1     1
     1     1     1     1     1     1     1     1     1     1
     1     1     1     1     1     1     1     1     1     1
     1     1     1     1     1     1     1     1     1     1
     1     1     1     1     1     1     1     1     1     1
     1     1     1     1     1     1     1     1     1     1
     1     1     1     1     1     1     1     1     1     1
     1     1     1     1     1     1     1     1     1     1
     1     1     1     1     1     1     1     1     1     1
     1     1     1     1     1     1     1     1     1     1
     1     1     1     1     1     1     1     1     1     1
     1     1     1     1     1     1     1     1     1     1
     1     1     1     1     1     1     1     1     1     1
     1     1     1     1     1     1     1     1     1     1
     1     1     1     1     1     1     1     1     1     1
     1     1     1     1     1     1     1     1     1     1
     1     1     1     1     1     1     1     1     1     1
     1     1     1     1     1     1     1     1     1     1
     1     1     1     1     1     1     1     1     1     1
     1     1     1     1     1     1     1     1     1     1
     1     1     1     1     1     1     1     1     1     1
     1     1     1     1     1     1     1     1     1     1
     1     1     1     1     1     1     1     1     1     1
     1     1     1     1     1     1     1     1     1     1
     1     1     1     1     1     1     1     1     1     1
     1     1     1     1     1     1     1     1     1     1

edit GraficoPercolazione.m
edit CercaCluster.m
RR = CercaCluster(30,0.55)

RR =

  <a href="matlab:helpPopup('struct')" style="font-weight:bold">struct</a> with fields:

           matrice: [30×30 double]
    percolazioneTB: 0
    percolazioneLR: 0
                 p: 0.5500
             label: [30×30 double]
          clusters: [32 1 1 175 4 1 14 1 8 6 1 18 1 2 1 1 2 1 17 1 1 5 10 3 2 3 6 1 2 1 1 1 86 1 2 1 1 4 … ] (1×56 double)

length(RR.clusters)

ans =

    56

30*30

ans =

   900

900*0.55

ans =

  495.0000

RR.matrice

ans =

  Columns 1 through 20

     0     1     1     1     1     1     0     1     0     1     0     0     0     1     0     0     0     1     1     1
     0     1     0     0     0     0     1     1     1     1     1     1     0     1     0     1     0     1     0     0
     1     0     1     1     1     1     0     1     0     0     0     1     0     0     1     1     0     0     1     0
     1     1     1     0     0     1     1     1     0     0     0     0     0     0     0     0     1     0     0     0
     1     1     0     0     1     1     1     1     0     1     1     1     1     0     0     1     0     0     1     1
     1     1     0     0     1     0     1     0     0     1     1     1     0     0     0     0     1     0     1     0
     1     0     1     1     0     0     0     0     1     0     0     1     1     0     0     0     0     1     1     1
     0     0     1     1     0     0     1     0     0     1     0     0     1     1     1     1     0     1     0     1
     1     0     1     1     0     1     0     0     0     0     1     0     1     1     1     0     1     1     0     1
     0     0     0     1     0     0     1     1     1     1     1     1     0     0     1     0     0     1     1     0
     1     0     1     1     1     1     1     0     0     0     1     0     1     0     0     0     0     1     0     1
     0     1     0     0     0     1     0     1     0     1     1     1     1     0     0     0     1     1     0     1
     1     1     1     0     1     1     1     1     1     0     1     1     1     0     1     1     0     1     1     1
     0     0     1     1     1     1     1     1     0     1     0     0     1     0     1     1     1     0     0     1
     1     1     0     0     1     0     1     1     1     0     0     0     1     1     0     0     1     0     1     0
     0     1     1     0     1     0     0     1     1     1     0     1     0     1     0     1     0     0     1     0
     1     0     0     0     1     0     1     0     1     1     1     1     0     1     0     1     1     1     1     0
     0     1     1     1     0     1     1     1     1     0     1     0     1     0     1     1     1     0     0     0
     1     1     0     0     1     1     1     0     1     1     1     1     1     1     1     0     1     1     0     0
     1     1     1     1     0     1     1     0     0     1     0     1     0     0     1     1     1     1     1     1
     1     0     1     1     0     0     0     1     0     0     1     0     0     0     1     1     0     1     1     1
     0     0     0     1     0     0     0     1     1     1     1     1     1     1     1     0     1     1     0     1
     0     1     0     1     0     0     0     1     1     1     0     0     0     0     1     0     1     1     1     0
     1     0     1     0     1     1     0     1     1     1     1     1     0     0     0     1     0     0     1     1
     0     0     1     1     0     0     0     1     1     1     1     1     0     1     0     1     0     0     1     1
     1     1     0     1     1     1     1     0     0     0     0     0     1     1     0     0     1     0     0     1
     1     0     0     1     1     1     1     1     0     1     1     0     0     0     0     1     0     1     0     1
     1     0     0     1     0     0     1     0     0     0     1     1     0     0     1     0     0     1     0     0
     1     1     1     0     1     1     1     0     0     0     1     0     1     0     1     1     1     0     1     1
     0     1     0     1     0     1     0     1     1     0     0     1     1     1     1     1     0     1     0     1

  Columns 21 through 30

     1     1     1     1     1     1     0     1     1     0
     0     1     0     0     0     1     1     0     0     1
     1     1     1     1     1     0     1     1     0     0
     1     0     0     1     1     0     0     0     0     0
     1     0     1     0     1     1     0     0     1     0
     0     0     0     1     0     1     1     0     1     0
     1     0     1     0     1     1     1     1     1     0
     0     0     0     1     1     0     0     1     0     1
     1     1     1     0     1     1     1     1     0     0
     1     0     0     1     1     0     0     1     1     0
     1     1     1     1     0     0     1     1     1     1
     1     1     1     0     0     1     0     1     1     0
     0     0     0     1     1     0     1     0     0     1
     0     0     0     1     1     0     0     0     1     0
     0     0     1     1     0     0     1     1     1     0
     1     0     1     0     0     0     1     0     0     0
     1     1     0     1     0     1     1     0     1     1
     1     0     1     0     0     1     1     0     1     1
     1     1     1     1     1     1     0     0     0     1
     1     1     0     1     0     1     1     0     0     1
     0     0     0     0     1     1     0     0     0     0
     0     0     1     1     0     1     0     0     1     1
     0     1     0     1     1     0     1     0     1     1
     0     0     0     0     0     0     1     1     1     1
     1     0     1     1     0     0     0     0     0     0
     0     1     1     0     0     1     1     0     0     0
     1     0     1     0     0     1     1     1     0     0
     1     0     0     1     0     0     1     1     0     0
     0     1     1     0     0     1     1     1     1     1
     1     0     1     1     1     1     1     1     0     1

RR.label

ans =

  Columns 1 through 20

     0    10    10    10    10    10     0     1     0     1     0     0     0    25     0     0     0    33    33    33
     0    10     0     0     0     0     1     1     1     1     1     1     0    25     0    26     0    33     0     0
     1     0     1     1     1     1     0     1     0     0     0     1     0     0    26    26     0     0    37     0
     1     1     1     0     0     1     1     1     0     0     0     0     0     0     0     0    31     0     0     0
     1     1     0     0     1     1     1     1     0    19    19    19    19     0     0    28     0     0    33    33
     1     1     0     0     1     0     1     0     0    19    19    19     0     0     0     0    32     0    33     0
     1     0     4     4     0     0     0     0    18     0     0    19    19     0     0     0     0    33    33    33
     0     0     4     4     0     0    16     0     0    20     0     0    19    19    19    19     0    33     0    33
     2     0     4     4     0    15     0     0     0     0     4     0    19    19    19     0    33    33     0    33
     0     0     0     4     0     0     4     4     4     4     4     4     0     0    19     0     0    33    33     0
     3     0     4     4     4     4     4     0     0     0     4     0     4     0     0     0     0    33     0    33
     0     4     0     0     0     4     0     4     0     4     4     4     4     0     0     0    33    33     0    33
     4     4     4     0     4     4     4     4     4     0     4     4     4     0    27    27     0    33    33    33
     0     0     4     4     4     4     4     4     0    21     0     0     4     0    27    27    27     0     0    33
     5     5     0     0     4     0     4     4     4     0     0     0     4     4     0     0    27     0     4     0
     0     5     5     0     4     0     0     4     4     4     0     4     0     4     0     4     0     0     4     0
     6     0     0     0     4     0     4     0     4     4     4     4     0     4     0     4     4     4     4     0
     0     7     7     7     0     4     4     4     4     0     4     0     4     0     4     4     4     0     0     0
     7     7     0     0     4     4     4     0     4     4     4     4     4     4     4     0     4     4     0     0
     7     7     7     7     0     4     4     0     0     4     0     4     0     0     4     4     4     4     4     4
     7     0     7     7     0     0     0     4     0     0     4     0     0     0     4     4     0     4     4     4
     0     0     0     7     0     0     0     4     4     4     4     4     4     4     4     0     4     4     0     4
     0    11     0     7     0     0     0     4     4     4     0     0     0     0     4     0     4     4     4     0
     8     0    12     0    14    14     0     4     4     4     4     4     0     0     0    29     0     0     4     4
     0     0    12    12     0     0     0     4     4     4     4     4     0    24     0    29     0     0     4     4
     9     9     0    12    12    12    12     0     0     0     0     0    24    24     0     0    34     0     0     4
     9     0     0    12    12    12    12    12     0    22    22     0     0     0     0    30     0    35     0     4
     9     0     0    12     0     0    12     0     0     0    22    22     0     0    23     0     0    35     0     0
     9     9     9     0    12    12    12     0     0     0    22     0    23     0    23    23    23     0    38    38
     0     9     0    13     0    12     0    17    17     0     0    23    23    23    23    23     0    36     0    38

  Columns 21 through 30

    33    33    33    33    33    33     0    52    52     0
     0    33     0     0     0    33    33     0     0    54
    33    33    33    33    33     0    33    33     0     0
    33     0     0    33    33     0     0     0     0     0
    33     0    42     0    33    33     0     0    33     0
     0     0     0    46     0    33    33     0    33     0
    33     0    43     0    33    33    33    33    33     0
     0     0     0    33    33     0     0    33     0    55
    33    33    33     0    33    33    33    33     0     0
    33     0     0    33    33     0     0    33    33     0
    33    33    33    33     0     0    33    33    33    33
    33    33    33     0     0    49     0    33    33     0
     0     0     0    44    44     0    50     0     0    56
     0     0     0    44    44     0     0     0     4     0
     0     0    44    44     0     0     4     4     4     0
     4     0    44     0     0     0     4     0     0     0
     4     4     0    47     0     4     4     0    53    53
     4     0     4     0     0     4     4     0    53    53
     4     4     4     4     4     4     0     0     0    53
     4     4     0     4     0     4     4     0     0    53
     0     0     0     0     4     4     0     0     0     0
     0     0    45    45     0     4     0     0    51    51
     0    39     0    45    45     0    51     0    51    51
     0     0     0     0     0     0    51    51    51    51
     4     0    40    40     0     0     0     0     0     0
     0    40    40     0     0    41    41     0     0     0
     4     0    40     0     0    41    41    41     0     0
     4     0     0    48     0     0    41    41     0     0
     0    41    41     0     0    41    41    41    41    41
    38     0    41    41    41    41    41    41     0    41

RR.clusters

ans =

  Columns 1 through 20

    32     1     1   175     4     1    14     1     8     6     1    18     1     2     1     1     2     1    17     1

  Columns 21 through 40

     1     5    10     3     2     3     6     1     2     1     1     1    86     1     2     1     1     4     1     5

  Columns 41 through 56

    21     1     1     7     4     1     1     1     1     1     9     2     6     1     1     1

GraficoPercolazione
GraficoPercolazione
whos
  Name                Size                   Bytes  Class      Attributes

  L                   1x1                        8  double
  LL                  1x3                       24  double
  N                   1x1                        8  double
  StatCluster      1000x100x3x3            7200000  double
  ii                  1x1                        8  double
  ij                  1x1                        8  double
  j                   1x1                        8  double
  p                   1x100                    800  double
  pp                  1x1                        8  double
  prob                1x100                    800  double
  res                 1x1                    15265  struct
  s                   1x1                        8  double
  tmp                 1x1                        1  logical

figure
aux = mean(StatCluster(:,:,3,:),1);
size(aux)

ans =

     1   100     1     3

aux = squeeze(aux);
size(aux)

ans =

   100     3

plot(p,aux(:,1))
shg
plot(p,aux(:,2))
shg
plot(p,aux(:,3))
shg
plot(p,aux(:,1))
plot(p,aux(:,2))
plot(p,aux(:,3))
diary off