what

MATLAB Code files in the current folder /Users/francescodirenzo/Work/didattica/ModSimMag2526/27nov/perTeoLimCentrale

MYstatPtiRetta  puntiRetta      


edit MYstatPtiRetta.m
D = 1:10

D =

     1     2     3     4     5     6     7     8     9    10

diag(D)

ans =

     1     0     0     0     0     0     0     0     0     0
     0     2     0     0     0     0     0     0     0     0
     0     0     3     0     0     0     0     0     0     0
     0     0     0     4     0     0     0     0     0     0
     0     0     0     0     5     0     0     0     0     0
     0     0     0     0     0     6     0     0     0     0
     0     0     0     0     0     0     7     0     0     0
     0     0     0     0     0     0     0     8     0     0
     0     0     0     0     0     0     0     0     9     0
     0     0     0     0     0     0     0     0     0    10

diag(D,1)

ans =

     0     1     0     0     0     0     0     0     0     0     0
     0     0     2     0     0     0     0     0     0     0     0
     0     0     0     3     0     0     0     0     0     0     0
     0     0     0     0     4     0     0     0     0     0     0
     0     0     0     0     0     5     0     0     0     0     0
     0     0     0     0     0     0     6     0     0     0     0
     0     0     0     0     0     0     0     7     0     0     0
     0     0     0     0     0     0     0     0     8     0     0
     0     0     0     0     0     0     0     0     0     9     0
     0     0     0     0     0     0     0     0     0     0    10
     0     0     0     0     0     0     0     0     0     0     0

diag(D,-1)

ans =

     0     0     0     0     0     0     0     0     0     0     0
     1     0     0     0     0     0     0     0     0     0     0
     0     2     0     0     0     0     0     0     0     0     0
     0     0     3     0     0     0     0     0     0     0     0
     0     0     0     4     0     0     0     0     0     0     0
     0     0     0     0     5     0     0     0     0     0     0
     0     0     0     0     0     6     0     0     0     0     0
     0     0     0     0     0     0     7     0     0     0     0
     0     0     0     0     0     0     0     8     0     0     0
     0     0     0     0     0     0     0     0     9     0     0
     0     0     0     0     0     0     0     0     0    10     0

N = 10

N =

    10

Dsu = 1:N;
Dgiu = N:-1:1

Dgiu =

    10     9     8     7     6     5     4     3     2     1

flip(Dsu)

ans =

    10     9     8     7     6     5     4     3     2     1

We = (1/N)*(diag(Dsu,1)+diag(Dgiu,-1))

We =

         0    0.1000         0         0         0         0         0         0         0         0         0
    1.0000         0    0.2000         0         0         0         0         0         0         0         0
         0    0.9000         0    0.3000         0         0         0         0         0         0         0
         0         0    0.8000         0    0.4000         0         0         0         0         0         0
         0         0         0    0.7000         0    0.5000         0         0         0         0         0
         0         0         0         0    0.6000         0    0.6000         0         0         0         0
         0         0         0         0         0    0.5000         0    0.7000         0         0         0
         0         0         0         0         0         0    0.4000         0    0.8000         0         0
         0         0         0         0         0         0         0    0.3000         0    0.9000         0
         0         0         0         0         0         0         0         0    0.2000         0    1.0000
         0         0         0         0         0         0         0         0         0    0.1000         0

[Ve,De] = eig(We)

Ve =

    0.0023    0.0101   -0.0023   -0.0241    0.0101   -0.0418   -0.0570    0.0630    0.0241   -0.0570   -0.0418
   -0.0233   -0.0811   -0.0233    0.1448    0.0811    0.1672    0.1140   -0.0000    0.1448   -0.1140   -0.1672
    0.1047    0.2738   -0.1047   -0.3138    0.2738   -0.1254    0.1709   -0.3150    0.3138    0.1709   -0.1254
   -0.2792   -0.4868   -0.2792    0.1931    0.4868   -0.3345   -0.4558    0.0000    0.1931    0.4558    0.3345
    0.4886    0.4259   -0.4886    0.3380    0.4259    0.5854   -0.1140    0.6299   -0.3380   -0.1140    0.5854
   -0.5863    0.0000   -0.5863   -0.6759   -0.0000   -0.0000    0.6838   -0.0000   -0.6759   -0.6838   -0.0000
    0.4886   -0.4259   -0.4886    0.3380   -0.4259   -0.5854   -0.1140   -0.6299   -0.3380   -0.1140   -0.5854
   -0.2792    0.4868   -0.2792    0.1931   -0.4868    0.3345   -0.4558   -0.0000    0.1931    0.4558   -0.3345
    0.1047   -0.2738   -0.1047   -0.3138   -0.2738    0.1254    0.1709    0.3150    0.3138    0.1709    0.1254
   -0.0233    0.0811   -0.0233    0.1448   -0.0811   -0.1672    0.1140   -0.0000    0.1448   -0.1140    0.1672
    0.0023   -0.0101   -0.0023   -0.0241   -0.0101    0.0418   -0.0570   -0.0630    0.0241   -0.0570    0.0418


De =

   -1.0000         0         0         0         0         0         0         0         0         0         0
         0   -0.8000         0         0         0         0         0         0         0         0         0
         0         0    1.0000         0         0         0         0         0         0         0         0
         0         0         0   -0.6000         0         0         0         0         0         0         0
         0         0         0         0    0.8000         0         0         0         0         0         0
         0         0         0         0         0   -0.4000         0         0         0         0         0
         0         0         0         0         0         0   -0.2000         0         0         0         0
         0         0         0         0         0         0         0   -0.0000         0         0         0
         0         0         0         0         0         0         0         0    0.6000         0         0
         0         0         0         0         0         0         0         0         0    0.2000         0
         0         0         0         0         0         0         0         0         0         0    0.4000

V1 = Ve(:,3)

V1 =

   -0.0023
   -0.0233
   -0.1047
   -0.2792
   -0.4886
   -0.5863
   -0.4886
   -0.2792
   -0.1047
   -0.0233
   -0.0023

Pasint = V1/sum(V1)

Pasint =

    0.0010
    0.0098
    0.0439
    0.1172
    0.2051
    0.2461
    0.2051
    0.1172
    0.0439
    0.0098
    0.0010

sum(Pasint)

ans =

     1

binopdf(0:N,N,0.5)

ans =

    0.0010    0.0098    0.0439    0.1172    0.2051    0.2461    0.2051    0.1172    0.0439    0.0098    0.0010

binopdf(0:N,N,0.5)'

ans =

    0.0010
    0.0098
    0.0439
    0.1172
    0.2051
    0.2461
    0.2051
    0.1172
    0.0439
    0.0098
    0.0010

[Pasint binopdf(0:N,N,0.5)']

ans =

    0.0010    0.0010
    0.0098    0.0098
    0.0439    0.0439
    0.1172    0.1172
    0.2051    0.2051
    0.2461    0.2461
    0.2051    0.2051
    0.1172    0.1172
    0.0439    0.0439
    0.0098    0.0098
    0.0010    0.0010

<N = 20;
 <N = 20;
 ↑
{Invalid use of operator.
} 
N = 20

N =

    20

Dsu = 1:N;
Dgiu = N:-1:1;
We = (1/N)*(diag(Dsu,1)+diag(Dgiu,-1))

We =

  Columns 1 through 12

         0    0.0500         0         0         0         0         0         0         0         0         0         0
    1.0000         0    0.1000         0         0         0         0         0         0         0         0         0
         0    0.9500         0    0.1500         0         0         0         0         0         0         0         0
         0         0    0.9000         0    0.2000         0         0         0         0         0         0         0
         0         0         0    0.8500         0    0.2500         0         0         0         0         0         0
         0         0         0         0    0.8000         0    0.3000         0         0         0         0         0
         0         0         0         0         0    0.7500         0    0.3500         0         0         0         0
         0         0         0         0         0         0    0.7000         0    0.4000         0         0         0
         0         0         0         0         0         0         0    0.6500         0    0.4500         0         0
         0         0         0         0         0         0         0         0    0.6000         0    0.5000         0
         0         0         0         0         0         0         0         0         0    0.5500         0    0.5500
         0         0         0         0         0         0         0         0         0         0    0.5000         0
         0         0         0         0         0         0         0         0         0         0         0    0.4500
         0         0         0         0         0         0         0         0         0         0         0         0
         0         0         0         0         0         0         0         0         0         0         0         0
         0         0         0         0         0         0         0         0         0         0         0         0
         0         0         0         0         0         0         0         0         0         0         0         0
         0         0         0         0         0         0         0         0         0         0         0         0
         0         0         0         0         0         0         0         0         0         0         0         0
         0         0         0         0         0         0         0         0         0         0         0         0
         0         0         0         0         0         0         0         0         0         0         0         0

  Columns 13 through 21

         0         0         0         0         0         0         0         0         0
         0         0         0         0         0         0         0         0         0
         0         0         0         0         0         0         0         0         0
         0         0         0         0         0         0         0         0         0
         0         0         0         0         0         0         0         0         0
         0         0         0         0         0         0         0         0         0
         0         0         0         0         0         0         0         0         0
         0         0         0         0         0         0         0         0         0
         0         0         0         0         0         0         0         0         0
         0         0         0         0         0         0         0         0         0
         0         0         0         0         0         0         0         0         0
    0.6000         0         0         0         0         0         0         0         0
         0    0.6500         0         0         0         0         0         0         0
    0.4000         0    0.7000         0         0         0         0         0         0
         0    0.3500         0    0.7500         0         0         0         0         0
         0         0    0.3000         0    0.8000         0         0         0         0
         0         0         0    0.2500         0    0.8500         0         0         0
         0         0         0         0    0.2000         0    0.9000         0         0
         0         0         0         0         0    0.1500         0    0.9500         0
         0         0         0         0         0         0    0.1000         0    1.0000
         0         0         0         0         0         0         0    0.0500         0

[Ve,De] = eig(We)

Ve =

  Columns 1 through 12

    0.0000    0.0000   -0.0000   -0.0000   -0.0001    0.0002   -0.0001   -0.0003   -0.0002    0.0006   -0.0003    0.0010
   -0.0001    0.0001   -0.0003    0.0003    0.0009   -0.0022   -0.0009    0.0041   -0.0022   -0.0063   -0.0041   -0.0082
    0.0005    0.0005   -0.0026   -0.0026   -0.0070    0.0138   -0.0070   -0.0210   -0.0138    0.0252   -0.0210    0.0225
   -0.0031    0.0031   -0.0134    0.0134    0.0312   -0.0503   -0.0312    0.0584   -0.0503   -0.0441   -0.0584   -0.0082
    0.0130    0.0130   -0.0489   -0.0489   -0.0934    0.1142   -0.0934   -0.0804   -0.1142   -0.0031   -0.0804   -0.0849
   -0.0418    0.0418   -0.1304    0.1304    0.1928   -0.1488   -0.1928   -0.0054   -0.1488    0.1562    0.0054    0.1636
    0.1044    0.1044   -0.2608   -0.2608   -0.2651    0.0425   -0.2651    0.2253   -0.0425   -0.2519    0.2253    0.0082
   -0.2088    0.2088   -0.3912    0.3912    0.1928    0.2338   -0.1928   -0.3746    0.2338    0.0252    0.3746   -0.3599
    0.3393    0.3393   -0.4238   -0.4238    0.0783   -0.4836    0.0783    0.1676    0.4836    0.4094    0.1676    0.3456
   -0.4524    0.4524   -0.2825    0.2825   -0.4178    0.4145    0.4178    0.3176    0.4145   -0.4912   -0.3176    0.2127
    0.4976    0.4976    0.0000   -0.0000    0.5744   -0.0000    0.5744   -0.5823   -0.0000   -0.0000   -0.5823   -0.5849
   -0.4524    0.4524    0.2825   -0.2825   -0.4178   -0.4145    0.4178    0.3176   -0.4145    0.4912   -0.3176    0.2127
    0.3393    0.3393    0.4238    0.4238    0.0783    0.4836    0.0783    0.1676   -0.4836   -0.4094    0.1676    0.3456
   -0.2088    0.2088    0.3912   -0.3912    0.1928   -0.2338   -0.1928   -0.3746   -0.2338   -0.0252    0.3746   -0.3599
    0.1044    0.1044    0.2608    0.2608   -0.2651   -0.0425   -0.2651    0.2253    0.0425    0.2519    0.2253    0.0082
   -0.0418    0.0418    0.1304   -0.1304    0.1928    0.1488   -0.1928   -0.0054    0.1488   -0.1562    0.0054    0.1636
    0.0130    0.0130    0.0489    0.0489   -0.0934   -0.1142   -0.0934   -0.0804    0.1142    0.0031   -0.0804   -0.0849
   -0.0031    0.0031    0.0134   -0.0134    0.0312    0.0503   -0.0312    0.0584    0.0503    0.0441   -0.0584   -0.0082
    0.0005    0.0005    0.0026    0.0026   -0.0070   -0.0138   -0.0070   -0.0210    0.0138   -0.0252   -0.0210    0.0225
   -0.0001    0.0001    0.0003   -0.0003    0.0009    0.0022   -0.0009    0.0041    0.0022    0.0063   -0.0041   -0.0082
    0.0000    0.0000    0.0000    0.0000   -0.0001   -0.0002   -0.0001   -0.0003    0.0002   -0.0006   -0.0003    0.0010

  Columns 13 through 21

    0.0015    0.0006   -0.0019   -0.0010    0.0022   -0.0023   -0.0022   -0.0015    0.0019
   -0.0088    0.0063    0.0076   -0.0082   -0.0044   -0.0000   -0.0044   -0.0088    0.0076
    0.0118    0.0252    0.0038   -0.0225   -0.0177    0.0233    0.0177   -0.0118   -0.0038
    0.0324    0.0441   -0.0533   -0.0082    0.0398    0.0000    0.0398    0.0324   -0.0533
   -0.1017   -0.0031    0.0361    0.0849    0.0597   -0.1047   -0.0597    0.1017   -0.0361
    0.0118   -0.1562    0.1522    0.1636   -0.1593   -0.0000   -0.1593    0.0118    0.1522
    0.2594   -0.2519   -0.1979   -0.0082   -0.1062    0.2792    0.1062   -0.2594    0.1979
   -0.2476   -0.0252   -0.2131   -0.3599    0.3718    0.0000    0.3718   -0.2476   -0.2131
   -0.2682    0.4094    0.4528   -0.3456    0.0929   -0.4886   -0.0929    0.2682   -0.4528
    0.5364    0.4912    0.1065    0.2127   -0.5577   -0.0000   -0.5577    0.5364    0.1065
   -0.0000    0.0000   -0.5860    0.5849   -0.0000    0.5863    0.0000   -0.0000    0.5860
   -0.5364   -0.4912    0.1065    0.2127    0.5577    0.0000    0.5577   -0.5364    0.1065
    0.2682   -0.4094    0.4528   -0.3456   -0.0929   -0.4886    0.0929   -0.2682   -0.4528
    0.2476    0.0252   -0.2131   -0.3599   -0.3718   -0.0000   -0.3718    0.2476   -0.2131
   -0.2594    0.2519   -0.1979   -0.0082    0.1062    0.2792   -0.1062    0.2594    0.1979
   -0.0118    0.1562    0.1522    0.1636    0.1593    0.0000    0.1593   -0.0118    0.1522
    0.1017    0.0031    0.0361    0.0849   -0.0597   -0.1047    0.0597   -0.1017   -0.0361
   -0.0324   -0.0441   -0.0533   -0.0082   -0.0398   -0.0000   -0.0398   -0.0324   -0.0533
   -0.0118   -0.0252    0.0038   -0.0225    0.0177    0.0233   -0.0177    0.0118   -0.0038
    0.0088   -0.0063    0.0076   -0.0082    0.0044    0.0000    0.0044    0.0088    0.0076
   -0.0015   -0.0006   -0.0019   -0.0010   -0.0022   -0.0023    0.0022    0.0015    0.0019


De =

  Columns 1 through 12

   -1.0000         0         0         0         0         0         0         0         0         0         0         0
         0    1.0000         0         0         0         0         0         0         0         0         0         0
         0         0    0.9000         0         0         0         0         0         0         0         0         0
         0         0         0   -0.9000         0         0         0         0         0         0         0         0
         0         0         0         0   -0.8000         0         0         0         0         0         0         0
         0         0         0         0         0   -0.7000         0         0         0         0         0         0
         0         0         0         0         0         0    0.8000         0         0         0         0         0
         0         0         0         0         0         0         0   -0.6000         0         0         0         0
         0         0         0         0         0         0         0         0    0.7000         0         0         0
         0         0         0         0         0         0         0         0         0   -0.5000         0         0
         0         0         0         0         0         0         0         0         0         0    0.6000         0
         0         0         0         0         0         0         0         0         0         0         0   -0.4000
         0         0         0         0         0         0         0         0         0         0         0         0
         0         0         0         0         0         0         0         0         0         0         0         0
         0         0         0         0         0         0         0         0         0         0         0         0
         0         0         0         0         0         0         0         0         0         0         0         0
         0         0         0         0         0         0         0         0         0         0         0         0
         0         0         0         0         0         0         0         0         0         0         0         0
         0         0         0         0         0         0         0         0         0         0         0         0
         0         0         0         0         0         0         0         0         0         0         0         0
         0         0         0         0         0         0         0         0         0         0         0         0

  Columns 13 through 21

         0         0         0         0         0         0         0         0         0
         0         0         0         0         0         0         0         0         0
         0         0         0         0         0         0         0         0         0
         0         0         0         0         0         0         0         0         0
         0         0         0         0         0         0         0         0         0
         0         0         0         0         0         0         0         0         0
         0         0         0         0         0         0         0         0         0
         0         0         0         0         0         0         0         0         0
         0         0         0         0         0         0         0         0         0
         0         0         0         0         0         0         0         0         0
         0         0         0         0         0         0         0         0         0
         0         0         0         0         0         0         0         0         0
   -0.3000         0         0         0         0         0         0         0         0
         0    0.5000         0         0         0         0         0         0         0
         0         0   -0.2000         0         0         0         0         0         0
         0         0         0    0.4000         0         0         0         0         0
         0         0         0         0   -0.1000         0         0         0         0
         0         0         0         0         0   -0.0000         0         0         0
         0         0         0         0         0         0    0.1000         0         0
         0         0         0         0         0         0         0    0.3000         0
         0         0         0         0         0         0         0         0    0.2000

Pasint20 = Ve(:,2)/sum(Ve(:,2)
 Pasint20 = Ve(:,2)/sum(Ve(:,2)
                               ↑
{Invalid expression. When calling a function or indexing a variable, use parentheses. Otherwise, check for mismatched
delimiters.
} 
Pasint20 = Ve(:,2)/sum(Ve(:,2))

Pasint20 =

    0.0000
    0.0000
    0.0002
    0.0011
    0.0046
    0.0148
    0.0370
    0.0739
    0.1201
    0.1602
    0.1762
    0.1602
    0.1201
    0.0739
    0.0370
    0.0148
    0.0046
    0.0011
    0.0002
    0.0000
    0.0000

[Pasint20 binopdf(0:N,N,0.5)']

ans =

    0.0000    0.0000
    0.0000    0.0000
    0.0002    0.0002
    0.0011    0.0011
    0.0046    0.0046
    0.0148    0.0148
    0.0370    0.0370
    0.0739    0.0739
    0.1201    0.1201
    0.1602    0.1602
    0.1762    0.1762
    0.1602    0.1602
    0.1201    0.1201
    0.0739    0.0739
    0.0370    0.0370
    0.0148    0.0148
    0.0046    0.0046
    0.0011    0.0011
    0.0002    0.0002
    0.0000    0.0000
    0.0000    0.0000

N = 10

N =

    10

Dsu = 1:N;
Dgiu = N:-1:1;
We = (1/N)*(diag(Dsu,1)+diag(Dgiu,-1))

We =

         0    0.1000         0         0         0         0         0         0         0         0         0
    1.0000         0    0.2000         0         0         0         0         0         0         0         0
         0    0.9000         0    0.3000         0         0         0         0         0         0         0
         0         0    0.8000         0    0.4000         0         0         0         0         0         0
         0         0         0    0.7000         0    0.5000         0         0         0         0         0
         0         0         0         0    0.6000         0    0.6000         0         0         0         0
         0         0         0         0         0    0.5000         0    0.7000         0         0         0
         0         0         0         0         0         0    0.4000         0    0.8000         0         0
         0         0         0         0         0         0         0    0.3000         0    0.9000         0
         0         0         0         0         0         0         0         0    0.2000         0    1.0000
         0         0         0         0         0         0         0         0         0    0.1000         0

We*We

ans =

    0.1000         0    0.0200         0         0         0         0         0         0         0         0
         0    0.2800         0    0.0600         0         0         0         0         0         0         0
    0.9000         0    0.4200         0    0.1200         0         0         0         0         0         0
         0    0.7200         0    0.5200         0    0.2000         0         0         0         0         0
         0         0    0.5600         0    0.5800         0    0.3000         0         0         0         0
         0         0         0    0.4200         0    0.6000         0    0.4200         0         0         0
         0         0         0         0    0.3000         0    0.5800         0    0.5600         0         0
         0         0         0         0         0    0.2000         0    0.5200         0    0.7200         0
         0         0         0         0         0         0    0.1200         0    0.4200         0    0.9000
         0         0         0         0         0         0         0    0.0600         0    0.2800         0
         0         0         0         0         0         0         0         0    0.0200         0    0.1000

We*ans

ans =

         0    0.0280         0    0.0060         0         0         0         0         0         0         0
    0.2800         0    0.1040         0    0.0240         0         0         0         0         0         0
         0    0.4680         0    0.2100         0    0.0600         0         0         0         0         0
    0.7200         0    0.5600         0    0.3280         0    0.1200         0         0         0         0
         0    0.5040         0    0.5740         0    0.4400         0    0.2100         0         0         0
         0         0    0.3360         0    0.5280         0    0.5280         0    0.3360         0         0
         0         0         0    0.2100         0    0.4400         0    0.5740         0    0.5040         0
         0         0         0         0    0.1200         0    0.3280         0    0.5600         0    0.7200
         0         0         0         0         0    0.0600         0    0.2100         0    0.4680         0
         0         0         0         0         0         0    0.0240         0    0.1040         0    0.2800
         0         0         0         0         0         0         0    0.0060         0    0.0280         0

We*ans

ans =

    0.0280         0    0.0104         0    0.0024         0         0         0         0         0         0
         0    0.1216         0    0.0480         0    0.0120         0         0         0         0         0
    0.4680         0    0.2616         0    0.1200         0    0.0360         0         0         0         0
         0    0.5760         0    0.3976         0    0.2240         0    0.0840         0         0         0
    0.5040         0    0.5600         0    0.4936         0    0.3480         0    0.1680         0         0
         0    0.3024         0    0.4704         0    0.5280         0    0.4704         0    0.3024         0
         0         0    0.1680         0    0.3480         0    0.4936         0    0.5600         0    0.5040
         0         0         0    0.0840         0    0.2240         0    0.3976         0    0.5760         0
         0         0         0         0    0.0360         0    0.1200         0    0.2616         0    0.4680
         0         0         0         0         0    0.0120         0    0.0480         0    0.1216         0
         0         0         0         0         0         0    0.0024         0    0.0104         0    0.0280

We*ans

ans =

         0    0.0122         0    0.0048         0    0.0012         0         0         0         0         0
    0.1216         0    0.0627         0    0.0264         0    0.0072         0         0         0         0
         0    0.2822         0    0.1625         0    0.0780         0    0.0252         0         0         0
    0.5760         0    0.4333         0    0.2934         0    0.1680         0    0.0672         0         0
         0    0.5544         0    0.5135         0    0.4208         0    0.2940         0    0.1512         0
    0.3024         0    0.4368         0    0.5050         0    0.5050         0    0.4368         0    0.3024
         0    0.1512         0    0.2940         0    0.4208         0    0.5135         0    0.5544         0
         0         0    0.0672         0    0.1680         0    0.2934         0    0.4333         0    0.5760
         0         0         0    0.0252         0    0.0780         0    0.1625         0    0.2822         0
         0         0         0         0    0.0072         0    0.0264         0    0.0627         0    0.1216
         0         0         0         0         0    0.0012         0    0.0048         0    0.0122         0

We*ans

ans =

    0.0122         0    0.0063         0    0.0026         0    0.0007         0         0         0         0
         0    0.0686         0    0.0373         0    0.0168         0    0.0050         0         0         0
    0.2822         0    0.1864         0    0.1118         0    0.0569         0    0.0202         0         0
         0    0.4476         0    0.3354         0    0.2307         0    0.1378         0    0.0605         0
    0.5544         0    0.5217         0    0.4579         0    0.3701         0    0.2654         0    0.1512
         0    0.4234         0    0.4845         0    0.5050         0    0.4845         0    0.4234         0
    0.1512         0    0.2654         0    0.3701         0    0.4579         0    0.5217         0    0.5544
         0    0.0605         0    0.1378         0    0.2307         0    0.3354         0    0.4476         0
         0         0    0.0202         0    0.0569         0    0.1118         0    0.1864         0    0.2822
         0         0         0    0.0050         0    0.0168         0    0.0373         0    0.0686         0
         0         0         0         0    0.0007         0    0.0026         0    0.0063         0    0.0122

We*ans

ans =

         0    0.0069         0    0.0037         0    0.0017         0    0.0005         0         0         0
    0.0686         0    0.0436         0    0.0250         0    0.0121         0    0.0040         0         0
         0    0.1960         0    0.1342         0    0.0843         0    0.0459         0    0.0181         0
    0.4476         0    0.3578         0    0.2726         0    0.1935         0    0.1223         0    0.0605
         0    0.5250         0    0.4770         0    0.4140         0    0.3387         0    0.2540         0
    0.4234         0    0.4723         0    0.4968         0    0.4968         0    0.4723         0    0.4234
         0    0.2540         0    0.3387         0    0.4140         0    0.4770         0    0.5250         0
    0.0605         0    0.1223         0    0.1935         0    0.2726         0    0.3578         0    0.4476
         0    0.0181         0    0.0459         0    0.0843         0    0.1342         0    0.1960         0
         0         0    0.0040         0    0.0121         0    0.0250         0    0.0436         0    0.0686
         0         0         0    0.0005         0    0.0017         0    0.0037         0    0.0069         0

We*ans

ans =

    0.0069         0    0.0044         0    0.0025         0    0.0012         0    0.0004         0         0
         0    0.0461         0    0.0306         0    0.0185         0    0.0097         0    0.0036         0
    0.1960         0    0.1465         0    0.1043         0    0.0689         0    0.0403         0    0.0181
         0    0.3668         0    0.2982         0    0.2331         0    0.1722         0    0.1161         0
    0.5250         0    0.4866         0    0.4392         0    0.3839         0    0.3218         0    0.2540
         0    0.4674         0    0.4894         0    0.4968         0    0.4894         0    0.4674         0
    0.2540         0    0.3218         0    0.3839         0    0.4392         0    0.4866         0    0.5250
         0    0.1161         0    0.1722         0    0.2331         0    0.2982         0    0.3668         0
    0.0181         0    0.0403         0    0.0689         0    0.1043         0    0.1465         0    0.1960
         0    0.0036         0    0.0097         0    0.0185         0    0.0306         0    0.0461         0
         0         0    0.0004         0    0.0012         0    0.0025         0    0.0044         0    0.0069

We*ans

ans =

         0    0.0046         0    0.0031         0    0.0019         0    0.0010         0    0.0004         0
    0.0461         0    0.0337         0    0.0234         0    0.0150         0    0.0085         0    0.0036
         0    0.1515         0    0.1170         0    0.0866         0    0.0604         0    0.0381         0
    0.3668         0    0.3119         0    0.2591         0    0.2087         0    0.1610         0    0.1161
         0    0.4905         0    0.4534         0    0.4115         0    0.3652         0    0.3150         0
    0.4674         0    0.4850         0    0.4938         0    0.4938         0    0.4850         0    0.4674
         0    0.3150         0    0.3652         0    0.4115         0    0.4534         0    0.4905         0
    0.1161         0    0.1610         0    0.2087         0    0.2591         0    0.3119         0    0.3668
         0    0.0381         0    0.0604         0    0.0866         0    0.1170         0    0.1515         0
    0.0036         0    0.0085         0    0.0150         0    0.0234         0    0.0337         0    0.0461
         0    0.0004         0    0.0010         0    0.0019         0    0.0031         0    0.0046         0

We*ans

ans =

    0.0046         0    0.0034         0    0.0023         0    0.0015         0    0.0008         0    0.0004
         0    0.0349         0    0.0264         0    0.0192         0    0.0130         0    0.0080         0
    0.1515         0    0.1239         0    0.0987         0    0.0761         0    0.0559         0    0.0381
         0    0.3174         0    0.2749         0    0.2339         0    0.1944         0    0.1565         0
    0.4905         0    0.4608         0    0.4283         0    0.3930         0    0.3552         0    0.3150
         0    0.4833         0    0.4912         0    0.4938         0    0.4912         0    0.4833         0
    0.3150         0    0.3552         0    0.3930         0    0.4283         0    0.4608         0    0.4905
         0    0.1565         0    0.1944         0    0.2339         0    0.2749         0    0.3174         0
    0.0381         0    0.0559         0    0.0761         0    0.0987         0    0.1239         0    0.1515
         0    0.0080         0    0.0130         0    0.0192         0    0.0264         0    0.0349         0
    0.0004         0    0.0008         0    0.0015         0    0.0023         0    0.0034         0    0.0046

We*ans

ans =

         0    0.0035         0    0.0026         0    0.0019         0    0.0013         0    0.0008         0
    0.0349         0    0.0281         0    0.0221         0    0.0167         0    0.0120         0    0.0080
         0    0.1266         0    0.1063         0    0.0874         0    0.0700         0    0.0541         0
    0.3174         0    0.2834         0    0.2503         0    0.2181         0    0.1868         0    0.1565
         0    0.4638         0    0.4381         0    0.4107         0    0.3817         0    0.3512         0
    0.4833         0    0.4896         0    0.4928         0    0.4928         0    0.4896         0    0.4833
         0    0.3512         0    0.3817         0    0.4107         0    0.4381         0    0.4638         0
    0.1565         0    0.1868         0    0.2181         0    0.2503         0    0.2834         0    0.3174
         0    0.0541         0    0.0700         0    0.0874         0    0.1063         0    0.1266         0
    0.0080         0    0.0120         0    0.0167         0    0.0221         0    0.0281         0    0.0349
         0    0.0008         0    0.0013         0    0.0019         0    0.0026         0    0.0035         0

We*ans

ans =

    0.0035         0    0.0028         0    0.0022         0    0.0017         0    0.0012         0    0.0008
         0    0.0288         0    0.0239         0    0.0194         0    0.0153         0    0.0116         0
    0.1266         0    0.1104         0    0.0950         0    0.0805         0    0.0669         0    0.0541
         0    0.2868         0    0.2602         0    0.2342         0    0.2087         0    0.1838         0
    0.4638         0    0.4432         0    0.4216         0    0.3991         0    0.3756         0    0.3512
         0    0.4890         0    0.4918         0    0.4928         0    0.4918         0    0.4890         0
    0.3512         0    0.3756         0    0.3991         0    0.4216         0    0.4432         0    0.4638
         0    0.1838         0    0.2087         0    0.2342         0    0.2602         0    0.2868         0
    0.0541         0    0.0669         0    0.0805         0    0.0950         0    0.1104         0    0.1266
         0    0.0116         0    0.0153         0    0.0194         0    0.0239         0    0.0288         0
    0.0008         0    0.0012         0    0.0017         0    0.0022         0    0.0028         0    0.0035

We*ans

ans =

         0    0.0029         0    0.0024         0    0.0019         0    0.0015         0    0.0012         0
    0.0288         0    0.0249         0    0.0212         0    0.0178         0    0.0146         0    0.0116
         0    0.1120         0    0.0996         0    0.0877         0    0.0764         0    0.0656         0
    0.2868         0    0.2656         0    0.2446         0    0.2240         0    0.2037         0    0.1838
         0    0.4453         0    0.4281         0    0.4103         0    0.3920         0    0.3731         0
    0.4890         0    0.4913         0    0.4924         0    0.4924         0    0.4913         0    0.4890
         0    0.3731         0    0.3920         0    0.4103         0    0.4281         0    0.4453         0
    0.1838         0    0.2037         0    0.2240         0    0.2446         0    0.2656         0    0.2868
         0    0.0656         0    0.0764         0    0.0877         0    0.0996         0    0.1120         0
    0.0116         0    0.0146         0    0.0178         0    0.0212         0    0.0249         0    0.0288
         0    0.0012         0    0.0015         0    0.0019         0    0.0024         0    0.0029         0

We*ans

ans =

    0.0029         0    0.0025         0    0.0021         0    0.0018         0    0.0015         0    0.0012
         0    0.0253         0    0.0223         0    0.0195         0    0.0168         0    0.0143         0
    0.1120         0    0.1021         0    0.0925         0    0.0832         0    0.0742         0    0.0656
         0    0.2677         0    0.2509         0    0.2343         0    0.2179         0    0.2017         0
    0.4453         0    0.4315         0    0.4174         0    0.4030         0    0.3882         0    0.3731
         0    0.4910         0    0.4921         0    0.4924         0    0.4921         0    0.4910         0
    0.3731         0    0.3882         0    0.4030         0    0.4174         0    0.4315         0    0.4453
         0    0.2017         0    0.2179         0    0.2343         0    0.2509         0    0.2677         0
    0.0656         0    0.0742         0    0.0832         0    0.0925         0    0.1021         0    0.1120
         0    0.0143         0    0.0168         0    0.0195         0    0.0223         0    0.0253         0
    0.0012         0    0.0015         0    0.0018         0    0.0021         0    0.0025         0    0.0029

We*ans

ans =

         0    0.0025         0    0.0022         0    0.0019         0    0.0017         0    0.0014         0
    0.0253         0    0.0229         0    0.0206         0    0.0184         0    0.0163         0    0.0143
         0    0.1031         0    0.0953         0    0.0878         0    0.0805         0    0.0734         0
    0.2677         0    0.2543         0    0.2410         0    0.2278         0    0.2147         0    0.2017
         0    0.4329         0    0.4217         0    0.4102         0    0.3986         0    0.3867         0
    0.4910         0    0.4919         0    0.4923         0    0.4923         0    0.4919         0    0.4910
         0    0.3867         0    0.3986         0    0.4102         0    0.4217         0    0.4329         0
    0.2017         0    0.2147         0    0.2278         0    0.2410         0    0.2543         0    0.2677
         0    0.0734         0    0.0805         0    0.0878         0    0.0953         0    0.1031         0
    0.0143         0    0.0163         0    0.0184         0    0.0206         0    0.0229         0    0.0253
         0    0.0014         0    0.0017         0    0.0019         0    0.0022         0    0.0025         0

We*ans

ans =

    0.0025         0    0.0023         0    0.0021         0    0.0018         0    0.0016         0    0.0014
         0    0.0231         0    0.0213         0    0.0195         0    0.0178         0    0.0161         0
    0.1031         0    0.0969         0    0.0908         0    0.0849         0    0.0791         0    0.0734
         0    0.2556         0    0.2449         0    0.2344         0    0.2238         0    0.2134         0
    0.4329         0    0.4239         0    0.4148         0    0.4056         0    0.3962         0    0.3867
         0    0.4918         0    0.4921         0    0.4923         0    0.4921         0    0.4918         0
    0.3867         0    0.3962         0    0.4056         0    0.4148         0    0.4239         0    0.4329
         0    0.2134         0    0.2238         0    0.2344         0    0.2449         0    0.2556         0
    0.0734         0    0.0791         0    0.0849         0    0.0908         0    0.0969         0    0.1031
         0    0.0161         0    0.0178         0    0.0195         0    0.0213         0    0.0231         0
    0.0014         0    0.0016         0    0.0018         0    0.0021         0    0.0023         0    0.0025

We*ans

ans =

         0    0.0023         0    0.0021         0    0.0020         0    0.0018         0    0.0016         0
    0.0231         0    0.0217         0    0.0202         0    0.0188         0    0.0174         0    0.0161
         0    0.0975         0    0.0927         0    0.0879         0    0.0832         0    0.0785         0
    0.2556         0    0.2471         0    0.2386         0    0.2301         0    0.2217         0    0.2134
         0    0.4248         0    0.4175         0    0.4102         0    0.4028         0    0.3953         0
    0.4918         0    0.4921         0    0.4922         0    0.4922         0    0.4921         0    0.4918
         0    0.3953         0    0.4028         0    0.4102         0    0.4175         0    0.4248         0
    0.2134         0    0.2217         0    0.2301         0    0.2386         0    0.2471         0    0.2556
         0    0.0785         0    0.0832         0    0.0879         0    0.0927         0    0.0975         0
    0.0161         0    0.0174         0    0.0188         0    0.0202         0    0.0217         0    0.0231
         0    0.0016         0    0.0018         0    0.0020         0    0.0021         0    0.0023         0

We*ans

ans =

    0.0023         0    0.0022         0    0.0020         0    0.0019         0    0.0017         0    0.0016
         0    0.0218         0    0.0207         0    0.0195         0    0.0184         0    0.0173         0
    0.0975         0    0.0936         0    0.0898         0    0.0860         0    0.0822         0    0.0785
         0    0.2479         0    0.2411         0    0.2344         0    0.2276         0    0.2209         0
    0.4248         0    0.4190         0    0.4131         0    0.4072         0    0.4013         0    0.3953
         0    0.4920         0    0.4922         0    0.4922         0    0.4922         0    0.4920         0
    0.3953         0    0.4013         0    0.4072         0    0.4131         0    0.4190         0    0.4248
         0    0.2209         0    0.2276         0    0.2344         0    0.2411         0    0.2479         0
    0.0785         0    0.0822         0    0.0860         0    0.0898         0    0.0936         0    0.0975
         0    0.0173         0    0.0184         0    0.0195         0    0.0207         0    0.0218         0
    0.0016         0    0.0017         0    0.0019         0    0.0020         0    0.0022         0    0.0023

We*ans

ans =

         0    0.0022         0    0.0021         0    0.0020         0    0.0018         0    0.0017         0
    0.0218         0    0.0209         0    0.0200         0    0.0191         0    0.0182         0    0.0173
         0    0.0940         0    0.0909         0    0.0879         0    0.0849         0    0.0819         0
    0.2479         0    0.2425         0    0.2371         0    0.2317         0    0.2263         0    0.2209
         0    0.4196         0    0.4149         0    0.4102         0    0.4054         0    0.4007         0
    0.4920         0    0.4921         0    0.4922         0    0.4922         0    0.4921         0    0.4920
         0    0.4007         0    0.4054         0    0.4102         0    0.4149         0    0.4196         0
    0.2209         0    0.2263         0    0.2317         0    0.2371         0    0.2425         0    0.2479
         0    0.0819         0    0.0849         0    0.0879         0    0.0909         0    0.0940         0
    0.0173         0    0.0182         0    0.0191         0    0.0200         0    0.0209         0    0.0218
         0    0.0017         0    0.0018         0    0.0020         0    0.0021         0    0.0022         0

We*ans

ans =

    0.0022         0    0.0021         0    0.0020         0    0.0019         0    0.0018         0    0.0017
         0    0.0210         0    0.0203         0    0.0195         0    0.0188         0    0.0181         0
    0.0940         0    0.0916         0    0.0891         0    0.0867         0    0.0843         0    0.0819
         0    0.2430         0    0.2387         0    0.2344         0    0.2301         0    0.2257         0
    0.4196         0    0.4158         0    0.4121         0    0.4083         0    0.4045         0    0.4007
         0    0.4921         0    0.4922         0    0.4922         0    0.4922         0    0.4921         0
    0.4007         0    0.4045         0    0.4083         0    0.4121         0    0.4158         0    0.4196
         0    0.2257         0    0.2301         0    0.2344         0    0.2387         0    0.2430         0
    0.0819         0    0.0843         0    0.0867         0    0.0891         0    0.0916         0    0.0940
         0    0.0181         0    0.0188         0    0.0195         0    0.0203         0    0.0210         0
    0.0017         0    0.0018         0    0.0019         0    0.0020         0    0.0021         0    0.0022

We*ans

ans =

         0    0.0021         0    0.0020         0    0.0020         0    0.0019         0    0.0018         0
    0.0210         0    0.0204         0    0.0198         0    0.0192         0    0.0187         0    0.0181
         0    0.0918         0    0.0898         0    0.0879         0    0.0859         0    0.0840         0
    0.2430         0    0.2396         0    0.2361         0    0.2326         0    0.2292         0    0.2257
         0    0.4162         0    0.4132         0    0.4102         0    0.4071         0    0.4041         0
    0.4921         0    0.4922         0    0.4922         0    0.4922         0    0.4922         0    0.4921
         0    0.4041         0    0.4071         0    0.4102         0    0.4132         0    0.4162         0
    0.2257         0    0.2292         0    0.2326         0    0.2361         0    0.2396         0    0.2430
         0    0.0840         0    0.0859         0    0.0879         0    0.0898         0    0.0918         0
    0.0181         0    0.0187         0    0.0192         0    0.0198         0    0.0204         0    0.0210
         0    0.0018         0    0.0019         0    0.0020         0    0.0020         0    0.0021         0

We*ans

ans =

    0.0021         0    0.0020         0    0.0020         0    0.0019         0    0.0019         0    0.0018
         0    0.0205         0    0.0200         0    0.0195         0    0.0191         0    0.0186         0
    0.0918         0    0.0902         0    0.0887         0    0.0871         0    0.0856         0    0.0840
         0    0.2399         0    0.2371         0    0.2344         0    0.2316         0    0.2288         0
    0.4162         0    0.4138         0    0.4114         0    0.4089         0    0.4065         0    0.4041
         0    0.4922         0    0.4922         0    0.4922         0    0.4922         0    0.4922         0
    0.4041         0    0.4065         0    0.4089         0    0.4114         0    0.4138         0    0.4162
         0    0.2288         0    0.2316         0    0.2344         0    0.2371         0    0.2399         0
    0.0840         0    0.0856         0    0.0871         0    0.0887         0    0.0902         0    0.0918
         0    0.0186         0    0.0191         0    0.0195         0    0.0200         0    0.0205         0
    0.0018         0    0.0019         0    0.0019         0    0.0020         0    0.0020         0    0.0021

We*ans

ans =

         0    0.0020         0    0.0020         0    0.0020         0    0.0019         0    0.0019         0
    0.0205         0    0.0201         0    0.0197         0    0.0193         0    0.0190         0    0.0186
         0    0.0904         0    0.0891         0    0.0879         0    0.0866         0    0.0854         0
    0.2399         0    0.2377         0    0.2355         0    0.2333         0    0.2311         0    0.2288
         0    0.4140         0    0.4121         0    0.4102         0    0.4082         0    0.4063         0
    0.4922         0    0.4922         0    0.4922         0    0.4922         0    0.4922         0    0.4922
         0    0.4063         0    0.4082         0    0.4102         0    0.4121         0    0.4140         0
    0.2288         0    0.2311         0    0.2333         0    0.2355         0    0.2377         0    0.2399
         0    0.0854         0    0.0866         0    0.0879         0    0.0891         0    0.0904         0
    0.0186         0    0.0190         0    0.0193         0    0.0197         0    0.0201         0    0.0205
         0    0.0019         0    0.0019         0    0.0020         0    0.0020         0    0.0020         0

We*ans

ans =

    0.0020         0    0.0020         0    0.0020         0    0.0019         0    0.0019         0    0.0019
         0    0.0201         0    0.0198         0    0.0195         0    0.0192         0    0.0189         0
    0.0904         0    0.0894         0    0.0884         0    0.0874         0    0.0864         0    0.0854
         0    0.2379         0    0.2361         0    0.2344         0    0.2326         0    0.2308         0
    0.4140         0    0.4125         0    0.4109         0    0.4094         0    0.4078         0    0.4063
         0    0.4922         0    0.4922         0    0.4922         0    0.4922         0    0.4922         0
    0.4063         0    0.4078         0    0.4094         0    0.4109         0    0.4125         0    0.4140
         0    0.2308         0    0.2326         0    0.2344         0    0.2361         0    0.2379         0
    0.0854         0    0.0864         0    0.0874         0    0.0884         0    0.0894         0    0.0904
         0    0.0189         0    0.0192         0    0.0195         0    0.0198         0    0.0201         0
    0.0019         0    0.0019         0    0.0019         0    0.0020         0    0.0020         0    0.0020

We*ans

ans =

         0    0.0020         0    0.0020         0    0.0020         0    0.0019         0    0.0019         0
    0.0201         0    0.0199         0    0.0196         0    0.0194         0    0.0192         0    0.0189
         0    0.0895         0    0.0887         0    0.0879         0    0.0871         0    0.0863         0
    0.2379         0    0.2365         0    0.2351         0    0.2337         0    0.2323         0    0.2308
         0    0.4126         0    0.4114         0    0.4102         0    0.4089         0    0.4077         0
    0.4922         0    0.4922         0    0.4922         0    0.4922         0    0.4922         0    0.4922
         0    0.4077         0    0.4089         0    0.4102         0    0.4114         0    0.4126         0
    0.2308         0    0.2323         0    0.2337         0    0.2351         0    0.2365         0    0.2379
         0    0.0863         0    0.0871         0    0.0879         0    0.0887         0    0.0895         0
    0.0189         0    0.0192         0    0.0194         0    0.0196         0    0.0199         0    0.0201
         0    0.0019         0    0.0019         0    0.0020         0    0.0020         0    0.0020         0

We*ans

ans =

    0.0020         0    0.0020         0    0.0020         0    0.0019         0    0.0019         0    0.0019
         0    0.0199         0    0.0197         0    0.0195         0    0.0193         0    0.0192         0
    0.0895         0    0.0888         0    0.0882         0    0.0876         0    0.0869         0    0.0863
         0    0.2366         0    0.2355         0    0.2344         0    0.2332         0    0.2321         0
    0.4126         0    0.4116         0    0.4107         0    0.4097         0    0.4087         0    0.4077
         0    0.4922         0    0.4922         0    0.4922         0    0.4922         0    0.4922         0
    0.4077         0    0.4087         0    0.4097         0    0.4107         0    0.4116         0    0.4126
         0    0.2321         0    0.2332         0    0.2344         0    0.2355         0    0.2366         0
    0.0863         0    0.0869         0    0.0876         0    0.0882         0    0.0888         0    0.0895
         0    0.0192         0    0.0193         0    0.0195         0    0.0197         0    0.0199         0
    0.0019         0    0.0019         0    0.0019         0    0.0020         0    0.0020         0    0.0020

We*ans

ans =

         0    0.0020         0    0.0020         0    0.0020         0    0.0019         0    0.0019         0
    0.0199         0    0.0198         0    0.0196         0    0.0195         0    0.0193         0    0.0192
         0    0.0889         0    0.0884         0    0.0879         0    0.0874         0    0.0869         0
    0.2366         0    0.2357         0    0.2348         0    0.2339         0    0.2330         0    0.2321
         0    0.4117         0    0.4109         0    0.4102         0    0.4094         0    0.4086         0
    0.4922         0    0.4922         0    0.4922         0    0.4922         0    0.4922         0    0.4922
         0    0.4086         0    0.4094         0    0.4102         0    0.4109         0    0.4117         0
    0.2321         0    0.2330         0    0.2339         0    0.2348         0    0.2357         0    0.2366
         0    0.0869         0    0.0874         0    0.0879         0    0.0884         0    0.0889         0
    0.0192         0    0.0193         0    0.0195         0    0.0196         0    0.0198         0    0.0199
         0    0.0019         0    0.0019         0    0.0020         0    0.0020         0    0.0020         0

We*ans

ans =

    0.0020         0    0.0020         0    0.0020         0    0.0019         0    0.0019         0    0.0019
         0    0.0198         0    0.0197         0    0.0195         0    0.0194         0    0.0193         0
    0.0889         0    0.0885         0    0.0881         0    0.0877         0    0.0873         0    0.0869
         0    0.2358         0    0.2351         0    0.2344         0    0.2336         0    0.2329         0
    0.4117         0    0.4111         0    0.4105         0    0.4098         0    0.4092         0    0.4086
         0    0.4922         0    0.4922         0    0.4922         0    0.4922         0    0.4922         0
    0.4086         0    0.4092         0    0.4098         0    0.4105         0    0.4111         0    0.4117
         0    0.2329         0    0.2336         0    0.2344         0    0.2351         0    0.2358         0
    0.0869         0    0.0873         0    0.0877         0    0.0881         0    0.0885         0    0.0889
         0    0.0193         0    0.0194         0    0.0195         0    0.0197         0    0.0198         0
    0.0019         0    0.0019         0    0.0019         0    0.0020         0    0.0020         0    0.0020

We*ans

ans =

         0    0.0020         0    0.0020         0    0.0020         0    0.0019         0    0.0019         0
    0.0198         0    0.0197         0    0.0196         0    0.0195         0    0.0194         0    0.0193
         0    0.0885         0    0.0882         0    0.0879         0    0.0876         0    0.0872         0
    0.2358         0    0.2352         0    0.2347         0    0.2341         0    0.2335         0    0.2329
         0    0.4112         0    0.4107         0    0.4102         0    0.4096         0    0.4091         0
    0.4922         0    0.4922         0    0.4922         0    0.4922         0    0.4922         0    0.4922
         0    0.4091         0    0.4096         0    0.4102         0    0.4107         0    0.4112         0
    0.2329         0    0.2335         0    0.2341         0    0.2347         0    0.2352         0    0.2358
         0    0.0872         0    0.0876         0    0.0879         0    0.0882         0    0.0885         0
    0.0193         0    0.0194         0    0.0195         0    0.0196         0    0.0197         0    0.0198
         0    0.0019         0    0.0019         0    0.0020         0    0.0020         0    0.0020         0

We*ans

ans =

    0.0020         0    0.0020         0    0.0020         0    0.0019         0    0.0019         0    0.0019
         0    0.0197         0    0.0196         0    0.0195         0    0.0195         0    0.0194         0
    0.0885         0    0.0883         0    0.0880         0    0.0878         0    0.0875         0    0.0872
         0    0.2353         0    0.2348         0    0.2344         0    0.2339         0    0.2334         0
    0.4112         0    0.4108         0    0.4104         0    0.4100         0    0.4095         0    0.4091
         0    0.4922         0    0.4922         0    0.4922         0    0.4922         0    0.4922         0
    0.4091         0    0.4095         0    0.4100         0    0.4104         0    0.4108         0    0.4112
         0    0.2334         0    0.2339         0    0.2344         0    0.2348         0    0.2353         0
    0.0872         0    0.0875         0    0.0878         0    0.0880         0    0.0883         0    0.0885
         0    0.0194         0    0.0195         0    0.0195         0    0.0196         0    0.0197         0
    0.0019         0    0.0019         0    0.0019         0    0.0020         0    0.0020         0    0.0020

We*ans

ans =

         0    0.0020         0    0.0020         0    0.0020         0    0.0019         0    0.0019         0
    0.0197         0    0.0196         0    0.0196         0    0.0195         0    0.0194         0    0.0194
         0    0.0883         0    0.0881         0    0.0879         0    0.0877         0    0.0875         0
    0.2353         0    0.2349         0    0.2346         0    0.2342         0    0.2338         0    0.2334
         0    0.4108         0    0.4105         0    0.4102         0    0.4098         0    0.4095         0
    0.4922         0    0.4922         0    0.4922         0    0.4922         0    0.4922         0    0.4922
         0    0.4095         0    0.4098         0    0.4102         0    0.4105         0    0.4108         0
    0.2334         0    0.2338         0    0.2342         0    0.2346         0    0.2349         0    0.2353
         0    0.0875         0    0.0877         0    0.0879         0    0.0881         0    0.0883         0
    0.0194         0    0.0194         0    0.0195         0    0.0196         0    0.0196         0    0.0197
         0    0.0019         0    0.0019         0    0.0020         0    0.0020         0    0.0020         0

We*ans

ans =

    0.0020         0    0.0020         0    0.0020         0    0.0020         0    0.0019         0    0.0019
         0    0.0196         0    0.0196         0    0.0195         0    0.0195         0    0.0194         0
    0.0883         0    0.0881         0    0.0880         0    0.0878         0    0.0876         0    0.0875
         0    0.2350         0    0.2347         0    0.2344         0    0.2341         0    0.2338         0
    0.4108         0    0.4105         0    0.4103         0    0.4100         0    0.4098         0    0.4095
         0    0.4922         0    0.4922         0    0.4922         0    0.4922         0    0.4922         0
    0.4095         0    0.4098         0    0.4100         0    0.4103         0    0.4105         0    0.4108
         0    0.2338         0    0.2341         0    0.2344         0    0.2347         0    0.2350         0
    0.0875         0    0.0876         0    0.0878         0    0.0880         0    0.0881         0    0.0883
         0    0.0194         0    0.0195         0    0.0195         0    0.0196         0    0.0196         0
    0.0019         0    0.0019         0    0.0020         0    0.0020         0    0.0020         0    0.0020

We*ans

ans =

         0    0.0020         0    0.0020         0    0.0020         0    0.0019         0    0.0019         0
    0.0196         0    0.0196         0    0.0196         0    0.0195         0    0.0195         0    0.0194
         0    0.0882         0    0.0880         0    0.0879         0    0.0878         0    0.0876         0
    0.2350         0    0.2347         0    0.2345         0    0.2343         0    0.2340         0    0.2338
         0    0.4106         0    0.4104         0    0.4102         0    0.4099         0    0.4097         0
    0.4922         0    0.4922         0    0.4922         0    0.4922         0    0.4922         0    0.4922
         0    0.4097         0    0.4099         0    0.4102         0    0.4104         0    0.4106         0
    0.2338         0    0.2340         0    0.2343         0    0.2345         0    0.2347         0    0.2350
         0    0.0876         0    0.0878         0    0.0879         0    0.0880         0    0.0882         0
    0.0194         0    0.0195         0    0.0195         0    0.0196         0    0.0196         0    0.0196
         0    0.0019         0    0.0019         0    0.0020         0    0.0020         0    0.0020         0

We*ans

ans =

    0.0020         0    0.0020         0    0.0020         0    0.0020         0    0.0019         0    0.0019
         0    0.0196         0    0.0196         0    0.0195         0    0.0195         0    0.0195         0
    0.0882         0    0.0881         0    0.0879         0    0.0878         0    0.0877         0    0.0876
         0    0.2348         0    0.2346         0    0.2344         0    0.2342         0    0.2340         0
    0.4106         0    0.4104         0    0.4102         0    0.4101         0    0.4099         0    0.4097
         0    0.4922         0    0.4922         0    0.4922         0    0.4922         0    0.4922         0
    0.4097         0    0.4099         0    0.4101         0    0.4102         0    0.4104         0    0.4106
         0    0.2340         0    0.2342         0    0.2344         0    0.2346         0    0.2348         0
    0.0876         0    0.0877         0    0.0878         0    0.0879         0    0.0881         0    0.0882
         0    0.0195         0    0.0195         0    0.0195         0    0.0196         0    0.0196         0
    0.0019         0    0.0019         0    0.0020         0    0.0020         0    0.0020         0    0.0020

We*ans

ans =

         0    0.0020         0    0.0020         0    0.0020         0    0.0019         0    0.0019         0
    0.0196         0    0.0196         0    0.0195         0    0.0195         0    0.0195         0    0.0195
         0    0.0881         0    0.0880         0    0.0879         0    0.0878         0    0.0877         0
    0.2348         0    0.2346         0    0.2345         0    0.2343         0    0.2341         0    0.2340
         0    0.4104         0    0.4103         0    0.4102         0    0.4100         0    0.4099         0
    0.4922         0    0.4922         0    0.4922         0    0.4922         0    0.4922         0    0.4922
         0    0.4099         0    0.4100         0    0.4102         0    0.4103         0    0.4104         0
    0.2340         0    0.2341         0    0.2343         0    0.2345         0    0.2346         0    0.2348
         0    0.0877         0    0.0878         0    0.0879         0    0.0880         0    0.0881         0
    0.0195         0    0.0195         0    0.0195         0    0.0195         0    0.0196         0    0.0196
         0    0.0019         0    0.0019         0    0.0020         0    0.0020         0    0.0020         0

We*ans

ans =

    0.0020         0    0.0020         0    0.0020         0    0.0020         0    0.0019         0    0.0019
         0    0.0196         0    0.0196         0    0.0195         0    0.0195         0    0.0195         0
    0.0881         0    0.0880         0    0.0879         0    0.0879         0    0.0878         0    0.0877
         0    0.2346         0    0.2345         0    0.2344         0    0.2343         0    0.2341         0
    0.4104         0    0.4103         0    0.4102         0    0.4101         0    0.4100         0    0.4099
         0    0.4922         0    0.4922         0    0.4922         0    0.4922         0    0.4922         0
    0.4099         0    0.4100         0    0.4101         0    0.4102         0    0.4103         0    0.4104
         0    0.2341         0    0.2343         0    0.2344         0    0.2345         0    0.2346         0
    0.0877         0    0.0878         0    0.0879         0    0.0879         0    0.0880         0    0.0881
         0    0.0195         0    0.0195         0    0.0195         0    0.0196         0    0.0196         0
    0.0019         0    0.0019         0    0.0020         0    0.0020         0    0.0020         0    0.0020

We*ans

ans =

         0    0.0020         0    0.0020         0    0.0020         0    0.0020         0    0.0019         0
    0.0196         0    0.0196         0    0.0195         0    0.0195         0    0.0195         0    0.0195
         0    0.0880         0    0.0879         0    0.0879         0    0.0878         0    0.0878         0
    0.2346         0    0.2345         0    0.2344         0    0.2343         0    0.2342         0    0.2341
         0    0.4103         0    0.4102         0    0.4102         0    0.4101         0    0.4100         0
    0.4922         0    0.4922         0    0.4922         0    0.4922         0    0.4922         0    0.4922
         0    0.4100         0    0.4101         0    0.4102         0    0.4102         0    0.4103         0
    0.2341         0    0.2342         0    0.2343         0    0.2344         0    0.2345         0    0.2346
         0    0.0878         0    0.0878         0    0.0879         0    0.0879         0    0.0880         0
    0.0195         0    0.0195         0    0.0195         0    0.0195         0    0.0196         0    0.0196
         0    0.0019         0    0.0020         0    0.0020         0    0.0020         0    0.0020         0

We*ans

ans =

    0.0020         0    0.0020         0    0.0020         0    0.0020         0    0.0020         0    0.0019
         0    0.0196         0    0.0195         0    0.0195         0    0.0195         0    0.0195         0
    0.0880         0    0.0880         0    0.0879         0    0.0879         0    0.0878         0    0.0878
         0    0.2345         0    0.2345         0    0.2344         0    0.2343         0    0.2342         0
    0.4103         0    0.4103         0    0.4102         0    0.4101         0    0.4101         0    0.4100
         0    0.4922         0    0.4922         0    0.4922         0    0.4922         0    0.4922         0
    0.4100         0    0.4101         0    0.4101         0    0.4102         0    0.4103         0    0.4103
         0    0.2342         0    0.2343         0    0.2344         0    0.2345         0    0.2345         0
    0.0878         0    0.0878         0    0.0879         0    0.0879         0    0.0880         0    0.0880
         0    0.0195         0    0.0195         0    0.0195         0    0.0195         0    0.0196         0
    0.0019         0    0.0020         0    0.0020         0    0.0020         0    0.0020         0    0.0020

We*ans

ans =

         0    0.0020         0    0.0020         0    0.0020         0    0.0020         0    0.0020         0
    0.0196         0    0.0195         0    0.0195         0    0.0195         0    0.0195         0    0.0195
         0    0.0880         0    0.0879         0    0.0879         0    0.0879         0    0.0878         0
    0.2345         0    0.2345         0    0.2344         0    0.2343         0    0.2343         0    0.2342
         0    0.4103         0    0.4102         0    0.4102         0    0.4101         0    0.4100         0
    0.4922         0    0.4922         0    0.4922         0    0.4922         0    0.4922         0    0.4922
         0    0.4100         0    0.4101         0    0.4102         0    0.4102         0    0.4103         0
    0.2342         0    0.2343         0    0.2343         0    0.2344         0    0.2345         0    0.2345
         0    0.0878         0    0.0879         0    0.0879         0    0.0879         0    0.0880         0
    0.0195         0    0.0195         0    0.0195         0    0.0195         0    0.0195         0    0.0196
         0    0.0020         0    0.0020         0    0.0020         0    0.0020         0    0.0020         0

We*ans

ans =

    0.0020         0    0.0020         0    0.0020         0    0.0020         0    0.0020         0    0.0020
         0    0.0195         0    0.0195         0    0.0195         0    0.0195         0    0.0195         0
    0.0880         0    0.0879         0    0.0879         0    0.0879         0    0.0878         0    0.0878
         0    0.2345         0    0.2344         0    0.2344         0    0.2343         0    0.2343         0
    0.4103         0    0.4102         0    0.4102         0    0.4101         0    0.4101         0    0.4100
         0    0.4922         0    0.4922         0    0.4922         0    0.4922         0    0.4922         0
    0.4100         0    0.4101         0    0.4101         0    0.4102         0    0.4102         0    0.4103
         0    0.2343         0    0.2343         0    0.2344         0    0.2344         0    0.2345         0
    0.0878         0    0.0878         0    0.0879         0    0.0879         0    0.0879         0    0.0880
         0    0.0195         0    0.0195         0    0.0195         0    0.0195         0    0.0195         0
    0.0020         0    0.0020         0    0.0020         0    0.0020         0    0.0020         0    0.0020

We*ans

ans =

         0    0.0020         0    0.0020         0    0.0020         0    0.0020         0    0.0020         0
    0.0195         0    0.0195         0    0.0195         0    0.0195         0    0.0195         0    0.0195
         0    0.0879         0    0.0879         0    0.0879         0    0.0879         0    0.0878         0
    0.2345         0    0.2344         0    0.2344         0    0.2344         0    0.2343         0    0.2343
         0    0.4102         0    0.4102         0    0.4102         0    0.4101         0    0.4101         0
    0.4922         0    0.4922         0    0.4922         0    0.4922         0    0.4922         0    0.4922
         0    0.4101         0    0.4101         0    0.4102         0    0.4102         0    0.4102         0
    0.2343         0    0.2343         0    0.2344         0    0.2344         0    0.2344         0    0.2345
         0    0.0878         0    0.0879         0    0.0879         0    0.0879         0    0.0879         0
    0.0195         0    0.0195         0    0.0195         0    0.0195         0    0.0195         0    0.0195
         0    0.0020         0    0.0020         0    0.0020         0    0.0020         0    0.0020         0

We*ans

ans =

    0.0020         0    0.0020         0    0.0020         0    0.0020         0    0.0020         0    0.0020
         0    0.0195         0    0.0195         0    0.0195         0    0.0195         0    0.0195         0
    0.0879         0    0.0879         0    0.0879         0    0.0879         0    0.0879         0    0.0878
         0    0.2344         0    0.2344         0    0.2344         0    0.2343         0    0.2343         0
    0.4102         0    0.4102         0    0.4102         0    0.4101         0    0.4101         0    0.4101
         0    0.4922         0    0.4922         0    0.4922         0    0.4922         0    0.4922         0
    0.4101         0    0.4101         0    0.4101         0    0.4102         0    0.4102         0    0.4102
         0    0.2343         0    0.2343         0    0.2344         0    0.2344         0    0.2344         0
    0.0878         0    0.0879         0    0.0879         0    0.0879         0    0.0879         0    0.0879
         0    0.0195         0    0.0195         0    0.0195         0    0.0195         0    0.0195         0
    0.0020         0    0.0020         0    0.0020         0    0.0020         0    0.0020         0    0.0020

We*ans

ans =

         0    0.0020         0    0.0020         0    0.0020         0    0.0020         0    0.0020         0
    0.0195         0    0.0195         0    0.0195         0    0.0195         0    0.0195         0    0.0195
         0    0.0879         0    0.0879         0    0.0879         0    0.0879         0    0.0879         0
    0.2344         0    0.2344         0    0.2344         0    0.2344         0    0.2343         0    0.2343
         0    0.4102         0    0.4102         0    0.4102         0    0.4101         0    0.4101         0
    0.4922         0    0.4922         0    0.4922         0    0.4922         0    0.4922         0    0.4922
         0    0.4101         0    0.4101         0    0.4102         0    0.4102         0    0.4102         0
    0.2343         0    0.2343         0    0.2344         0    0.2344         0    0.2344         0    0.2344
         0    0.0879         0    0.0879         0    0.0879         0    0.0879         0    0.0879         0
    0.0195         0    0.0195         0    0.0195         0    0.0195         0    0.0195         0    0.0195
         0    0.0020         0    0.0020         0    0.0020         0    0.0020         0    0.0020         0

We*ans

ans =

    0.0020         0    0.0020         0    0.0020         0    0.0020         0    0.0020         0    0.0020
         0    0.0195         0    0.0195         0    0.0195         0    0.0195         0    0.0195         0
    0.0879         0    0.0879         0    0.0879         0    0.0879         0    0.0879         0    0.0879
         0    0.2344         0    0.2344         0    0.2344         0    0.2344         0    0.2343         0
    0.4102         0    0.4102         0    0.4102         0    0.4101         0    0.4101         0    0.4101
         0    0.4922         0    0.4922         0    0.4922         0    0.4922         0    0.4922         0
    0.4101         0    0.4101         0    0.4101         0    0.4102         0    0.4102         0    0.4102
         0    0.2343         0    0.2344         0    0.2344         0    0.2344         0    0.2344         0
    0.0879         0    0.0879         0    0.0879         0    0.0879         0    0.0879         0    0.0879
         0    0.0195         0    0.0195         0    0.0195         0    0.0195         0    0.0195         0
    0.0020         0    0.0020         0    0.0020         0    0.0020         0    0.0020         0    0.0020

We*ans

ans =

         0    0.0020         0    0.0020         0    0.0020         0    0.0020         0    0.0020         0
    0.0195         0    0.0195         0    0.0195         0    0.0195         0    0.0195         0    0.0195
         0    0.0879         0    0.0879         0    0.0879         0    0.0879         0    0.0879         0
    0.2344         0    0.2344         0    0.2344         0    0.2344         0    0.2344         0    0.2343
         0    0.4102         0    0.4102         0    0.4102         0    0.4101         0    0.4101         0
    0.4922         0    0.4922         0    0.4922         0    0.4922         0    0.4922         0    0.4922
         0    0.4101         0    0.4101         0    0.4102         0    0.4102         0    0.4102         0
    0.2343         0    0.2344         0    0.2344         0    0.2344         0    0.2344         0    0.2344
         0    0.0879         0    0.0879         0    0.0879         0    0.0879         0    0.0879         0
    0.0195         0    0.0195         0    0.0195         0    0.0195         0    0.0195         0    0.0195
         0    0.0020         0    0.0020         0    0.0020         0    0.0020         0    0.0020         0

We*ans

ans =

    0.0020         0    0.0020         0    0.0020         0    0.0020         0    0.0020         0    0.0020
         0    0.0195         0    0.0195         0    0.0195         0    0.0195         0    0.0195         0
    0.0879         0    0.0879         0    0.0879         0    0.0879         0    0.0879         0    0.0879
         0    0.2344         0    0.2344         0    0.2344         0    0.2344         0    0.2343         0
    0.4102         0    0.4102         0    0.4102         0    0.4102         0    0.4101         0    0.4101
         0    0.4922         0    0.4922         0    0.4922         0    0.4922         0    0.4922         0
    0.4101         0    0.4101         0    0.4102         0    0.4102         0    0.4102         0    0.4102
         0    0.2343         0    0.2344         0    0.2344         0    0.2344         0    0.2344         0
    0.0879         0    0.0879         0    0.0879         0    0.0879         0    0.0879         0    0.0879
         0    0.0195         0    0.0195         0    0.0195         0    0.0195         0    0.0195         0
    0.0020         0    0.0020         0    0.0020         0    0.0020         0    0.0020         0    0.0020

We*ans

ans =

         0    0.0020         0    0.0020         0    0.0020         0    0.0020         0    0.0020         0
    0.0195         0    0.0195         0    0.0195         0    0.0195         0    0.0195         0    0.0195
         0    0.0879         0    0.0879         0    0.0879         0    0.0879         0    0.0879         0
    0.2344         0    0.2344         0    0.2344         0    0.2344         0    0.2344         0    0.2343
         0    0.4102         0    0.4102         0    0.4102         0    0.4101         0    0.4101         0
    0.4922         0    0.4922         0    0.4922         0    0.4922         0    0.4922         0    0.4922
         0    0.4101         0    0.4101         0    0.4102         0    0.4102         0    0.4102         0
    0.2343         0    0.2344         0    0.2344         0    0.2344         0    0.2344         0    0.2344
         0    0.0879         0    0.0879         0    0.0879         0    0.0879         0    0.0879         0
    0.0195         0    0.0195         0    0.0195         0    0.0195         0    0.0195         0    0.0195
         0    0.0020         0    0.0020         0    0.0020         0    0.0020         0    0.0020         0

We*ans

ans =

    0.0020         0    0.0020         0    0.0020         0    0.0020         0    0.0020         0    0.0020
         0    0.0195         0    0.0195         0    0.0195         0    0.0195         0    0.0195         0
    0.0879         0    0.0879         0    0.0879         0    0.0879         0    0.0879         0    0.0879
         0    0.2344         0    0.2344         0    0.2344         0    0.2344         0    0.2344         0
    0.4102         0    0.4102         0    0.4102         0    0.4102         0    0.4101         0    0.4101
         0    0.4922         0    0.4922         0    0.4922         0    0.4922         0    0.4922         0
    0.4101         0    0.4101         0    0.4102         0    0.4102         0    0.4102         0    0.4102
         0    0.2344         0    0.2344         0    0.2344         0    0.2344         0    0.2344         0
    0.0879         0    0.0879         0    0.0879         0    0.0879         0    0.0879         0    0.0879
         0    0.0195         0    0.0195         0    0.0195         0    0.0195         0    0.0195         0
    0.0020         0    0.0020         0    0.0020         0    0.0020         0    0.0020         0    0.0020

We*ans

ans =

         0    0.0020         0    0.0020         0    0.0020         0    0.0020         0    0.0020         0
    0.0195         0    0.0195         0    0.0195         0    0.0195         0    0.0195         0    0.0195
         0    0.0879         0    0.0879         0    0.0879         0    0.0879         0    0.0879         0
    0.2344         0    0.2344         0    0.2344         0    0.2344         0    0.2344         0    0.2344
         0    0.4102         0    0.4102         0    0.4102         0    0.4102         0    0.4101         0
    0.4922         0    0.4922         0    0.4922         0    0.4922         0    0.4922         0    0.4922
         0    0.4101         0    0.4102         0    0.4102         0    0.4102         0    0.4102         0
    0.2344         0    0.2344         0    0.2344         0    0.2344         0    0.2344         0    0.2344
         0    0.0879         0    0.0879         0    0.0879         0    0.0879         0    0.0879         0
    0.0195         0    0.0195         0    0.0195         0    0.0195         0    0.0195         0    0.0195
         0    0.0020         0    0.0020         0    0.0020         0    0.0020         0    0.0020         0

We*ans

ans =

    0.0020         0    0.0020         0    0.0020         0    0.0020         0    0.0020         0    0.0020
         0    0.0195         0    0.0195         0    0.0195         0    0.0195         0    0.0195         0
    0.0879         0    0.0879         0    0.0879         0    0.0879         0    0.0879         0    0.0879
         0    0.2344         0    0.2344         0    0.2344         0    0.2344         0    0.2344         0
    0.4102         0    0.4102         0    0.4102         0    0.4102         0    0.4101         0    0.4101
         0    0.4922         0    0.4922         0    0.4922         0    0.4922         0    0.4922         0
    0.4101         0    0.4101         0    0.4102         0    0.4102         0    0.4102         0    0.4102
         0    0.2344         0    0.2344         0    0.2344         0    0.2344         0    0.2344         0
    0.0879         0    0.0879         0    0.0879         0    0.0879         0    0.0879         0    0.0879
         0    0.0195         0    0.0195         0    0.0195         0    0.0195         0    0.0195         0
    0.0020         0    0.0020         0    0.0020         0    0.0020         0    0.0020         0    0.0020

[Ve,De] = eig(We)

Ve =

    0.0023    0.0101   -0.0023   -0.0241    0.0101   -0.0418   -0.0570    0.0630    0.0241   -0.0570   -0.0418
   -0.0233   -0.0811   -0.0233    0.1448    0.0811    0.1672    0.1140   -0.0000    0.1448   -0.1140   -0.1672
    0.1047    0.2738   -0.1047   -0.3138    0.2738   -0.1254    0.1709   -0.3150    0.3138    0.1709   -0.1254
   -0.2792   -0.4868   -0.2792    0.1931    0.4868   -0.3345   -0.4558    0.0000    0.1931    0.4558    0.3345
    0.4886    0.4259   -0.4886    0.3380    0.4259    0.5854   -0.1140    0.6299   -0.3380   -0.1140    0.5854
   -0.5863    0.0000   -0.5863   -0.6759   -0.0000   -0.0000    0.6838   -0.0000   -0.6759   -0.6838   -0.0000
    0.4886   -0.4259   -0.4886    0.3380   -0.4259   -0.5854   -0.1140   -0.6299   -0.3380   -0.1140   -0.5854
   -0.2792    0.4868   -0.2792    0.1931   -0.4868    0.3345   -0.4558   -0.0000    0.1931    0.4558   -0.3345
    0.1047   -0.2738   -0.1047   -0.3138   -0.2738    0.1254    0.1709    0.3150    0.3138    0.1709    0.1254
   -0.0233    0.0811   -0.0233    0.1448   -0.0811   -0.1672    0.1140   -0.0000    0.1448   -0.1140    0.1672
    0.0023   -0.0101   -0.0023   -0.0241   -0.0101    0.0418   -0.0570   -0.0630    0.0241   -0.0570    0.0418


De =

   -1.0000         0         0         0         0         0         0         0         0         0         0
         0   -0.8000         0         0         0         0         0         0         0         0         0
         0         0    1.0000         0         0         0         0         0         0         0         0
         0         0         0   -0.6000         0         0         0         0         0         0         0
         0         0         0         0    0.8000         0         0         0         0         0         0
         0         0         0         0         0   -0.4000         0         0         0         0         0
         0         0         0         0         0         0   -0.2000         0         0         0         0
         0         0         0         0         0         0         0   -0.0000         0         0         0
         0         0         0         0         0         0         0         0    0.6000         0         0
         0         0         0         0         0         0         0         0         0    0.2000         0
         0         0         0         0         0         0         0         0         0         0    0.4000

sum(Ve)

ans =

    0.0000   -0.0000   -2.3823   -0.0000   -0.0000   -0.0000    0.0000   -0.0000    0.0000    0.0000    0.0000

diag(De)

ans =

   -1.0000
   -0.8000
    1.0000
   -0.6000
    0.8000
   -0.4000
   -0.2000
   -0.0000
    0.6000
    0.2000
    0.4000

diary off
